Seq SetupTime          EncTime            KeyGenTime         DecTime  
00  0.1278617382049561 0.0064537525177002 0.0127885341644287 0.0062408447265625
01  0.1260344982147217 0.0063924789428711 0.0127315521240235 0.0062584877014160
02  0.1264226436614990 0.0064568519592285 0.0127725601196289 0.0062325000762939
03  0.1241736412048340 0.0064847469329834 0.0128133296966553 0.0062406063079834
04  0.1250052452087402 0.0064818859100342 0.0127637386322022 0.0062255859375000
05  0.1264209747314453 0.0064589977264404 0.0127658843994141 0.0062153339385986
06  0.1246166229248047 0.0064256191253662 0.0128152370452881 0.0062310695648193
07  0.1269063949584961 0.0064640045166016 0.0128185749053955 0.0062263011932373
08  0.1254651546478271 0.0064740180969238 0.0128138065338135 0.0062274932861328
09  0.1272778511047363 0.0063953399658203 0.0127861499786377 0.0062346458435059
10  0.1245336532592773 0.0064337253570557 0.0127980709075927 0.0062344074249268
11  0.1237552165985107 0.0065245628356934 0.0127785205841064 0.0062272548675537
12  0.1260249614715576 0.0064547061920166 0.0127453804016113 0.0062229633331299
13  0.1264922618865967 0.0064630508422852 0.0127675533294678 0.0062327384948730
14  0.1240744590759277 0.0064496994018555 0.0127623081207275 0.0062327384948730
15  0.1244750022888184 0.0064575672149658 0.0127933025360107 0.0062613487243652
16  0.1274018287658691 0.0064575672149658 0.0128099918365479 0.0062611103057861
17  0.1251890659332275 0.0064442157745361 0.0127692222595215 0.0062274932861328
18  0.1264183521270752 0.0065026283264160 0.0128207206726074 0.0062503814697266
19  0.1262004375457764 0.0064182281494141 0.0127706527709961 0.0062432289123535
20  0.1253707408905029 0.0064768791198730 0.0127601623535156 0.0062427520751953
21  0.1236019134521484 0.0064506530761719 0.0127856731414795 0.0062406063079834
22  0.1248686313629150 0.0064435005187988 0.0128457546234131 0.0062444210052490
23  0.1276412010192871 0.0065021514892578 0.0128006935119629 0.0062339305877686
24  0.1273190975189209 0.0064086914062500 0.0127799510955811 0.0062220096588135
25  0.1220250129699707 0.0064637660980225 0.0128185749053955 0.0062325000762939
26  0.1256730556488037 0.0064687728881836 0.0127506256103516 0.0062375068664551
27  0.1239087581634521 0.0064795017242432 0.0127670764923096 0.0062372684478760
28  0.1221237182617188 0.0065121650695801 0.0128402709960937 0.0062201023101807
29  0.1217663288116455 0.0064420700073242 0.0127778053283692 0.0062217712402344
30  0.1274955272674561 0.0064465999603271 0.0127952098846436 0.0062429904937744
31  0.1250171661376953 0.0064988136291504 0.0127778053283692 0.0061907768249512
32  0.1272282600402832 0.0064604282379150 0.0127532482147217 0.0062270164489746
33  0.1249928474426270 0.0064346790313721 0.0127639770507812 0.0062305927276611
34  0.1259837150573730 0.0064773559570312 0.0127820968627930 0.0062344074249268
35  0.1232702732086182 0.0064263343811035 0.0127527713775635 0.0062210559844971
36  0.1230623722076416 0.0064847469329834 0.0127196311950684 0.0062263011932373
37  0.1251788139343262 0.0064291954040527 0.0127995014190674 0.0062372684478760
38  0.1246063709259033 0.0064504146575928 0.0128018856048584 0.0062325000762939
39  0.1262121200561523 0.0064234733581543 0.0127370357513428 0.0062315464019775
40  0.1244826316833496 0.0064182281494141 0.0127680301666260 0.0062420368194580
41  0.1239087581634521 0.0065011978149414 0.0128161907196045 0.0062582492828369
42  0.1241221427917480 0.0064437389373779 0.0128109455108643 0.0062158107757568
43  0.1274800300598145 0.0065126419067383 0.0127706527709961 0.0062322616577148
44  0.1262531280517578 0.0064504146575928 0.0127623081207275 0.0062386989593506
45  0.1255130767822266 0.0064680576324463 0.0127992630004883 0.0062215328216553
46  0.1265406608581543 0.0064704418182373 0.0127248764038086 0.0061976909637451
47  0.1247773170471191 0.0065016746520996 0.0127670764923096 0.0062344074249268
48  0.1252813339233398 0.0064525604248047 0.0127894878387451 0.0062139034271240
49  0.1258859634399414 0.0064210891723633 0.0127480030059815 0.0062112808227539
50  0.1262171268463135 0.0064013004302979 0.0127890110015869 0.0062351226806641
51  0.1193721294403076 0.0065066814422607 0.0127878189086914 0.0062222480773926
52  0.1255762577056885 0.0064733028411865 0.0127658843994140 0.0062286853790283
53  0.1258602142333984 0.0065135955810547 0.0128264427185059 0.0062305927276611
54  0.1234838962554932 0.0064041614532471 0.0128095149993897 0.0062351226806641
55  0.1270906925201416 0.0064270496368408 0.0127329826354981 0.0062286853790283
56  0.1261618137359619 0.0064442157745361 0.0127615928649903 0.0062308311462402
57  0.1252887248992920 0.0064468383789062 0.0127952098846436 0.0062401294708252
58  0.1257319450378418 0.0064692497253418 0.0127816200256347 0.0062437057495117
59  0.1253116130828857 0.0064330101013184 0.0127916336059571 0.0062489509582520
60  0.1254692077636719 0.0064620971679688 0.0127608776092529 0.0062460899353027
61  0.1256027221679688 0.0064814090728760 0.0127916336059570 0.0062236785888672
62  0.1279184818267822 0.0064909458160400 0.0127506256103516 0.0062103271484375
63  0.1268444061279297 0.0064485073089600 0.0127909183502197 0.0062234401702881
64  0.1278491020202637 0.0064997673034668 0.0127646923065186 0.0062332153320312
65  0.1263282299041748 0.0064110755920410 0.0127997398376464 0.0062315464019775
66  0.1256225109100342 0.0064816474914551 0.0127720832824707 0.0062341690063477
67  0.1275653839111328 0.0065009593963623 0.0127494335174560 0.0062205791473389
68  0.1252689361572266 0.0064690113067627 0.0127823352813721 0.0062489509582520
69  0.1242611408233643 0.0063819885253906 0.0128123760223389 0.0062353610992432
70  0.1247777938842773 0.0064465999603271 0.0127315521240234 0.0062313079833984
71  0.1281261444091797 0.0064687728881836 0.0128030776977539 0.0062131881713867
72  0.1241507530212402 0.0064096450805664 0.0127856731414795 0.0062410831451416
73  0.1259694099426270 0.0063936710357666 0.0127620697021485 0.0062379837036133
74  0.1257808208465576 0.0064356327056885 0.0127522945404053 0.0062417984008789
75  0.1257348060607910 0.0064496994018555 0.0127429962158203 0.0062084197998047
76  0.1268267631530762 0.0064458847045898 0.0127677917480469 0.0062286853790283
77  0.1283078193664551 0.0064568519592285 0.0127854347229003 0.0062367916107178
78  0.1244504451751709 0.0064108371734619 0.0128235816955566 0.0062432289123535
79  0.1231215000152588 0.0064742565155029 0.0128090381622314 0.0062210559844971
80  0.1246266365051270 0.0064725875854492 0.0128133296966553 0.0062303543090820
81  0.1231288909912109 0.0064580440521240 0.0127758979797363 0.0062358379364014
82  0.1271193027496338 0.0064876079559326 0.0128078460693359 0.0062391757965088
83  0.1255743503570557 0.0064387321472168 0.0127642154693604 0.0062236785888672
84  0.1267027854919434 0.0064406394958496 0.0128057003021241 0.0062375068664551
85  0.1267189979553223 0.0064449310302734 0.0127735137939453 0.0062227249145508
86  0.1260602474212646 0.0064363479614258 0.0127384662628174 0.0062177181243896
87  0.1274847984313965 0.0065031051635742 0.0128314495086670 0.0062248706817627
88  0.1276621818542480 0.0064716339111328 0.0127871036529541 0.0062246322631836
89  0.1232981681823730 0.0063900947570801 0.0127520561218262 0.0062654018402100
90  0.1253261566162109 0.0064609050750732 0.0128133296966553 0.0062298774719238
91  0.1259400844573975 0.0064516067504883 0.0127527713775635 0.0062341690063477
92  0.1261215209960938 0.0064744949340820 0.0127747058868408 0.0062155723571777
93  0.1261463165283203 0.0064809322357178 0.0128109455108643 0.0062396526336670
94  0.1257021427154541 0.0063738822937012 0.0127840042114258 0.0062546730041504
95  0.1271555423736572 0.0064218044281006 0.0127873420715332 0.0062260627746582
96  0.1253995895385742 0.0065279006958008 0.0127961635589599 0.0062315464019775
97  0.1243822574615479 0.0064027309417725 0.0127487182617188 0.0062315464019775
98  0.1274878978729248 0.0064251422882080 0.0127475261688232 0.0062587261199951
99  0.1235337257385254 0.0064589977264404 0.0128338336944580 0.0062551498413086
100  0.1197638511657715 0.0064740180969238 0.0128102302551269 0.0062506198883057
101  0.1250963211059570 0.0064718723297119 0.0127251148223877 0.0062184333801270
102  0.1247441768646240 0.0065381526947021 0.0127685070037842 0.0062086582183838
103  0.1258590221405029 0.0064947605133057 0.0127887725830078 0.0062232017517090
104  0.1228387355804443 0.0064563751220703 0.0128419399261475 0.0062584877014160
105  0.1256892681121826 0.0064454078674316 0.0127849578857421 0.0062325000762939
106  0.1246523857116699 0.0064911842346191 0.0127718448638916 0.0062210559844971
107  0.1254296302795410 0.0064058303833008 0.0127630233764649 0.0062575340270996
108  0.1251363754272461 0.0064067840576172 0.0127434730529785 0.0062186717987061
109  0.1270167827606201 0.0064642429351807 0.0127639770507813 0.0062460899353027
110  0.1263432502746582 0.0064580440521240 0.0127665996551514 0.0062465667724609
111  0.1219131946563721 0.0065004825592041 0.0127511024475098 0.0062196254730225
112  0.1262738704681396 0.0065159797668457 0.0128266811370850 0.0062577724456787
113  0.1229927539825439 0.0064904689788818 0.0128068923950196 0.0062270164489746
114  0.1248900890350342 0.0064837932586670 0.0128176212310791 0.0062201023101807
115  0.1247236728668213 0.0064437389373779 0.0127880573272705 0.0062258243560791
116  0.1269781589508057 0.0064196586608887 0.0127580165863037 0.0062286853790283
117  0.1264922618865967 0.0064985752105713 0.0127143859863281 0.0062394142150879
118  0.1227374076843262 0.0064229965209961 0.0127949714660645 0.0062353610992432
119  0.1298224925994873 0.0066251754760742 0.0129325389862061 0.0063431262969971
120  0.1273162364959717 0.0065765380859375 0.0130133628845215 0.0063085556030273
121  0.1239607334136963 0.0067489147186279 0.0129370689392090 0.0063130855560303
122  0.1265819072723389 0.0065822601318359 0.0128593444824219 0.0062744617462158
123  0.1281223297119141 0.0065698623657227 0.0129249095916748 0.0063285827636719
124  0.1258869171142578 0.0065813064575195 0.0128021240234375 0.0063090324401855
125  0.1257534027099609 0.0066201686859131 0.0130331516265869 0.0063474178314209
126  0.1272408962249756 0.0066123008728027 0.0128457546234131 0.0062782764434814
127  0.1265470981597900 0.0066714286804199 0.0129261016845703 0.0063121318817139
128  0.1266944408416748 0.0066125392913818 0.0128753185272216 0.0062396526336670
129  0.1267051696777344 0.0066273212432861 0.0130147933959961 0.0063273906707764
130  0.1278584003448486 0.0065753459930420 0.0128788948059082 0.0063023567199707
131  0.1260776519775391 0.0065906047821045 0.0129294395446778 0.0062520503997803
132  0.1247034072875977 0.0065395832061768 0.0129456520080566 0.0063512325286865
133  0.1281833648681641 0.0065813064575195 0.0128962993621826 0.0062797069549561
134  0.1287186145782471 0.0065140724182129 0.0129280090332031 0.0063199996948242
135  0.1275773048400879 0.0065488815307617 0.0128505229949952 0.0062887668609619
136  0.1228592395782471 0.0067229270935059 0.0129840373992920 0.0063059329986572
137  0.1254172325134277 0.0065007209777832 0.0128810405731201 0.0062940120697021
138  0.1264152526855469 0.0065889358520508 0.0129096508026123 0.0063025951385498
139  0.1269798278808594 0.0066363811492920 0.0128688812255860 0.0062623023986816
140  0.1274020671844482 0.0065932273864746 0.0128147602081299 0.0063109397888184
141  0.1249523162841797 0.0066120624542236 0.0129170417785644 0.0063080787658691
142  0.1279098987579346 0.0065743923187256 0.0128972530364990 0.0063662528991699
143  0.1274044513702393 0.0066201686859131 0.0129437446594238 0.0062851905822754
144  0.1253099441528320 0.0065481662750244 0.0129008293151856 0.0063240528106689
145  0.1258516311645508 0.0066230297088623 0.0129671096801758 0.0063364505767822
146  0.1257896423339844 0.0066165924072266 0.0128822326660156 0.0062932968139648
147  0.1286015510559082 0.0066173076629639 0.0129334926605224 0.0063314437866211
148  0.1255424022674561 0.0066051483154297 0.0128989219665528 0.0063238143920898
149  0.1276626586914062 0.0065805912017822 0.0128731727600098 0.0062818527221680
150  0.1252574920654297 0.0066750049591064 0.0128796100616455 0.0063099861145020
151  0.1266779899597168 0.0065925121307373 0.0128533840179443 0.0062904357910156
152  0.1273012161254883 0.0066051483154297 0.0129671096801758 0.0063161849975586
153  0.1271414756774902 0.0066239833831787 0.0129151344299316 0.0063390731811523
154  0.1270473003387451 0.0066096782684326 0.0129003524780274 0.0063254833221436
155  0.1239778995513916 0.0065727233886719 0.0129888057708740 0.0063512325286865
156  0.1268672943115234 0.0066025257110596 0.0129766464233399 0.0063295364379883
157  0.1254699230194092 0.0065767765045166 0.0128986835479736 0.0063078403472900
158  0.1267848014831543 0.0066850185394287 0.0129539966583252 0.0063052177429199
159  0.1263003349304199 0.0066184997558594 0.0129179954528808 0.0063121318817139
160  0.1260411739349365 0.0066137313842773 0.0128901004791259 0.0063221454620361
161  0.1260449886322021 0.0065848827362061 0.0128755569458008 0.0062735080718994
162  0.1265459060668945 0.0066518783569336 0.0129740238189697 0.0063023567199707
163  0.1241853237152100 0.0066759586334229 0.0128841400146484 0.0062921047210693
164  0.1262106895446777 0.0066173076629639 0.0128674507141113 0.0062940120697021
165  0.1260838508605957 0.0066192150115967 0.0129010677337646 0.0062727928161621
166  0.1270594596862793 0.0065619945526123 0.0128879547119141 0.0062897205352783
167  0.1256079673767090 0.0065960884094238 0.0128958225250244 0.0062997341156006
168  0.1255216598510742 0.0066142082214355 0.0128324031829834 0.0062968730926514
169  0.1273932456970215 0.0065867900848389 0.0129611492156982 0.0063180923461914
170  0.1279616355895996 0.0065941810607910 0.0128378868103027 0.0062935352325439
171  0.1276679039001465 0.0066697597503662 0.0128681659698486 0.0063157081604004
172  0.1293890476226807 0.0065739154815674 0.0128507614135742 0.0063364505767822
173  0.1266410350799561 0.0067126750946045 0.0130600929260254 0.0062723159790039
174  0.1278419494628906 0.0066626071929932 0.0128726959228515 0.0062501430511475
175  0.1282324790954590 0.0066089630126953 0.0129308700561523 0.0063035488128662
176  0.1259276866912842 0.0065152645111084 0.0128459930419922 0.0062410831451416
177  0.1282432079315186 0.0065789222717285 0.0128540992736817 0.0062997341156006
178  0.1277165412902832 0.0065879821777344 0.0128576755523682 0.0062737464904785
179  0.1277935504913330 0.0066540241241455 0.0128641128540039 0.0063271522521973
180  0.1268014907836914 0.0066421031951904 0.0128965377807617 0.0063371658325195
181  0.1270906925201416 0.0065324306488037 0.0130231380462646 0.0063264369964600
182  0.1286327838897705 0.0066068172454834 0.0129084587097168 0.0062749385833740
183  0.1264679431915283 0.0065014362335205 0.0129022598266601 0.0062768459320068
184  0.1225986480712891 0.0066552162170410 0.0129461288452148 0.0063259601593018
185  0.1279726028442383 0.0066387653350830 0.0128910541534424 0.0062720775604248
186  0.1265699863433838 0.0065894126892090 0.0128760337829589 0.0062828063964844
187  0.1264843940734863 0.0065567493438721 0.0128538608551026 0.0063195228576660
188  0.1280865669250488 0.0065987110137939 0.0128781795501709 0.0063109397888184
189  0.1257839202880859 0.0065720081329346 0.0128614902496338 0.0063018798828125
190  0.1272435188293457 0.0065991878509521 0.0129272937774658 0.0063195228576660
191  0.1271710395812988 0.0065605640411377 0.0128421783447265 0.0063250064849854
192  0.1271455287933350 0.0067157745361328 0.0129806995391845 0.0063474178314209
193  0.1292562484741211 0.0065085887908936 0.0128507614135742 0.0063619613647461
194  0.1266787052154541 0.0066933631896973 0.0128951072692871 0.0063257217407227
195  0.1276762485504150 0.0066041946411133 0.0129158496856689 0.0063025951385498
196  0.1290514469146729 0.0066878795623779 0.0129165649414062 0.0062823295593262
197  0.1267821788787842 0.0066123008728027 0.0128984451293946 0.0062992572784424
198  0.1225807666778564 0.0064983367919922 0.0128965377807618 0.0063126087188721
199  0.1264767646789551 0.0065793991088867 0.0129461288452148 0.0063054561614990
200  0.1259244477748871 0.0065168488025665 0.0128317630290985 0.0062623178958893