Seq SetupTime          EncTime            KeyGenTime         DecTime  
00  0.0238418579101562 0.0062811374664307 0.0124754905700683 0.0060708522796631
01  0.0239582061767578 0.0063292980194092 0.0124907493591309 0.0060863494873047
02  0.0240592956542969 0.0062515735626221 0.0124998092651367 0.0060727596282959
03  0.0238723754882812 0.0063316822052002 0.0124733448028565 0.0060884952545166
04  0.0236749649047852 0.0062253475189209 0.0125038623809814 0.0060648918151855
05  0.0238623619079590 0.0063166618347168 0.0124580860137939 0.0060825347900391
06  0.0240347385406494 0.0063254833221436 0.0125110149383545 0.0060918331146240
07  0.0233938694000244 0.0063350200653076 0.0124750137329102 0.0060992240905762
08  0.0238192081451416 0.0063073635101318 0.0125358104705811 0.0061168670654297
09  0.0242459774017334 0.0063257217407227 0.0124492645263672 0.0061042308807373
10  0.0237762928009033 0.0062479972839355 0.0124568939208985 0.0060722827911377
11  0.0238761901855469 0.0064146518707275 0.0125780105590821 0.0060911178588867
12  0.0239732265472412 0.0063130855560303 0.0124642848968506 0.0060966014862061
13  0.0239703655242920 0.0062880516052246 0.0124976634979249 0.0060870647430420
14  0.0240221023559570 0.0063233375549316 0.0125381946563721 0.0060892105102539
15  0.0239653587341309 0.0063395500183105 0.0125215053558349 0.0061047077178955
16  0.0237798690795898 0.0062859058380127 0.0124552249908448 0.0060918331146240
17  0.0239927768707275 0.0062880516052246 0.0124862194061279 0.0060825347900391
18  0.0239269733428955 0.0062897205352783 0.0124852657318115 0.0060930252075195
19  0.0239531993865967 0.0062336921691895 0.0124437808990479 0.0060775279998779
20  0.0238151550292969 0.0062987804412842 0.0124955177307128 0.0061140060424805
21  0.0237381458282471 0.0063035488128662 0.0124690532684326 0.0060806274414062
22  0.0238790512084961 0.0063123703002930 0.0125117301940918 0.0061156749725342
23  0.0242125988006592 0.0062534809112549 0.0125017166137695 0.0060901641845703
24  0.0242781639099121 0.0062916278839111 0.0124938488006592 0.0060648918151855
25  0.0239493846893311 0.0063104629516602 0.0124232769012451 0.0060706138610840
26  0.0239012241363525 0.0062251091003418 0.0124669075012207 0.0060875415802002
27  0.0237903594970703 0.0063128471374512 0.0124690532684327 0.0060720443725586
28  0.0239479541778564 0.0062472820281982 0.0124979019165039 0.0061101913452148
29  0.0239510536193848 0.0062634944915771 0.0124959945678711 0.0060799121856689
30  0.0239154100418091 0.0062957445780436 0.0124874830245972 0.0060883204142253